   1.0000000e+00   0.0000000e+00   0.0000000e+00   0.0000000e+00   0.0000000e+00   0.0000000e+00   0.0000000e+00   0.0000000e+00   0.0000000e+00   0.0000000e+00   0.0000000e+00   0.0000000e+00   0.0000000e+00   0.0000000e+00   0.0000000e+00
   1.0000000e+00   1.0000000e+00   0.0000000e+00   0.0000000e+00   0.0000000e+00   0.0000000e+00   0.0000000e+00   0.0000000e+00   0.0000000e+00   0.0000000e+00   0.0000000e+00   0.0000000e+00   0.0000000e+00   0.0000000e+00   0.0000000e+00
   1.0000000e+00   2.0000000e+00   1.0000000e+00   0.0000000e+00   0.0000000e+00   0.0000000e+00   0.0000000e+00   0.0000000e+00   0.0000000e+00   0.0000000e+00   0.0000000e+00   0.0000000e+00   0.0000000e+00   0.0000000e+00   0.0000000e+00
   1.0000000e+00   3.0000000e+00   3.0000000e+00   1.0000000e+00   0.0000000e+00   0.0000000e+00   0.0000000e+00   0.0000000e+00   0.0000000e+00   0.0000000e+00   0.0000000e+00   0.0000000e+00   0.0000000e+00   0.0000000e+00   0.0000000e+00
   1.0000000e+00   4.0000000e+00   6.0000000e+00   4.0000000e+00   1.0000000e+00   0.0000000e+00   0.0000000e+00   0.0000000e+00   0.0000000e+00   0.0000000e+00   0.0000000e+00   0.0000000e+00   0.0000000e+00   0.0000000e+00   0.0000000e+00
   1.0000000e+00   5.0000000e+00   1.0000000e+01   1.0000000e+01   5.0000000e+00   1.0000000e+00   0.0000000e+00   0.0000000e+00   0.0000000e+00   0.0000000e+00   0.0000000e+00   0.0000000e+00   0.0000000e+00   0.0000000e+00   0.0000000e+00
   1.0000000e+00   6.0000000e+00   1.5000000e+01   2.0000000e+01   1.5000000e+01   6.0000000e+00   1.0000000e+00   0.0000000e+00   0.0000000e+00   0.0000000e+00   0.0000000e+00   0.0000000e+00   0.0000000e+00   0.0000000e+00   0.0000000e+00
   1.0000000e+00   7.0000000e+00   2.1000000e+01   3.5000000e+01   3.5000000e+01   2.1000000e+01   7.0000000e+00   1.0000000e+00   0.0000000e+00   0.0000000e+00   0.0000000e+00   0.0000000e+00   0.0000000e+00   0.0000000e+00   0.0000000e+00
   1.0000000e+00   8.0000000e+00   2.8000000e+01   5.6000000e+01   7.0000000e+01   5.6000000e+01   2.8000000e+01   8.0000000e+00   1.0000000e+00   0.0000000e+00   0.0000000e+00   0.0000000e+00   0.0000000e+00   0.0000000e+00   0.0000000e+00
   1.0000000e+00   9.0000000e+00   3.6000000e+01   8.4000000e+01   1.2600000e+02   1.2600000e+02   8.4000000e+01   3.6000000e+01   9.0000000e+00   1.0000000e+00   0.0000000e+00   0.0000000e+00   0.0000000e+00   0.0000000e+00   0.0000000e+00
   1.0000000e+00   1.0000000e+01   4.5000000e+01   1.2000000e+02   2.1000000e+02   2.5200000e+02   2.1000000e+02   1.2000000e+02   4.5000000e+01   1.0000000e+01   1.0000000e+00   0.0000000e+00   0.0000000e+00   0.0000000e+00   0.0000000e+00
   1.0000000e+00   1.1000000e+01   5.5000000e+01   1.6500000e+02   3.3000000e+02   4.6200000e+02   4.6200000e+02   3.3000000e+02   1.6500000e+02   5.5000000e+01   1.1000000e+01   1.0000000e+00   0.0000000e+00   0.0000000e+00   0.0000000e+00
   1.0000000e+00   1.2000000e+01   6.6000000e+01   2.2000000e+02   4.9500000e+02   7.9200000e+02   9.2400000e+02   7.9200000e+02   4.9500000e+02   2.2000000e+02   6.6000000e+01   1.2000000e+01   1.0000000e+00   0.0000000e+00   0.0000000e+00
   1.0000000e+00   1.3000000e+01   7.8000000e+01   2.8600000e+02   7.1500000e+02   1.2870000e+03   1.7160000e+03   1.7160000e+03   1.2870000e+03   7.1500000e+02   2.8600000e+02   7.8000000e+01   1.3000000e+01   1.0000000e+00   0.0000000e+00
   1.0000000e+00   1.4000000e+01   9.1000000e+01   3.6400000e+02   1.0010000e+03   2.0020000e+03   3.0030000e+03   3.4320000e+03   3.0030000e+03   2.0020000e+03   1.0010000e+03   3.6400000e+02   9.1000000e+01   1.4000000e+01   1.0000000e+00
