   1.0000000e+00   1.0000000e+00   1.0000000e+00   1.0000000e+00   1.0000000e+00   1.0000000e+00   1.0000000e+00   1.0000000e+00   1.0000000e+00   1.0000000e+00   1.0000000e+00   1.0000000e+00   1.0000000e+00   1.0000000e+00   1.0000000e+00
   1.0000000e+00   2.0000000e+00   3.0000000e+00   4.0000000e+00   5.0000000e+00   6.0000000e+00   7.0000000e+00   8.0000000e+00   9.0000000e+00   1.0000000e+01   1.1000000e+01   1.2000000e+01   1.3000000e+01   1.4000000e+01   1.5000000e+01
   1.0000000e+00   3.0000000e+00   6.0000000e+00   1.0000000e+01   1.5000000e+01   2.1000000e+01   2.8000000e+01   3.6000000e+01   4.5000000e+01   5.5000000e+01   6.6000000e+01   7.8000000e+01   9.1000000e+01   1.0500000e+02   1.2000000e+02
   1.0000000e+00   4.0000000e+00   1.0000000e+01   2.0000000e+01   3.5000000e+01   5.6000000e+01   8.4000000e+01   1.2000000e+02   1.6500000e+02   2.2000000e+02   2.8600000e+02   3.6400000e+02   4.5500000e+02   5.6000000e+02   6.8000000e+02
   1.0000000e+00   5.0000000e+00   1.5000000e+01   3.5000000e+01   7.0000000e+01   1.2600000e+02   2.1000000e+02   3.3000000e+02   4.9500000e+02   7.1500000e+02   1.0010000e+03   1.3650000e+03   1.8200000e+03   2.3800000e+03   3.0600000e+03
   1.0000000e+00   6.0000000e+00   2.1000000e+01   5.6000000e+01   1.2600000e+02   2.5200000e+02   4.6200000e+02   7.9200000e+02   1.2870000e+03   2.0020000e+03   3.0030000e+03   4.3680000e+03   6.1880000e+03   8.5680000e+03   1.1628000e+04
   1.0000000e+00   7.0000000e+00   2.8000000e+01   8.4000000e+01   2.1000000e+02   4.6200000e+02   9.2400000e+02   1.7160000e+03   3.0030000e+03   5.0050000e+03   8.0080000e+03   1.2376000e+04   1.8564000e+04   2.7132000e+04   3.8760000e+04
   1.0000000e+00   8.0000000e+00   3.6000000e+01   1.2000000e+02   3.3000000e+02   7.9200000e+02   1.7160000e+03   3.4320000e+03   6.4350000e+03   1.1440000e+04   1.9448000e+04   3.1824000e+04   5.0388000e+04   7.7520000e+04   1.1628000e+05
   1.0000000e+00   9.0000000e+00   4.5000000e+01   1.6500000e+02   4.9500000e+02   1.2870000e+03   3.0030000e+03   6.4350000e+03   1.2870000e+04   2.4310000e+04   4.3758000e+04   7.5582000e+04   1.2597000e+05   2.0349000e+05   3.1977000e+05
   1.0000000e+00   1.0000000e+01   5.5000000e+01   2.2000000e+02   7.1500000e+02   2.0020000e+03   5.0050000e+03   1.1440000e+04   2.4310000e+04   4.8620000e+04   9.2378000e+04   1.6796000e+05   2.9393000e+05   4.9742000e+05   8.1719000e+05
   1.0000000e+00   1.1000000e+01   6.6000000e+01   2.8600000e+02   1.0010000e+03   3.0030000e+03   8.0080000e+03   1.9448000e+04   4.3758000e+04   9.2378000e+04   1.8475600e+05   3.5271600e+05   6.4664600e+05   1.1440660e+06   1.9612560e+06
   1.0000000e+00   1.2000000e+01   7.8000000e+01   3.6400000e+02   1.3650000e+03   4.3680000e+03   1.2376000e+04   3.1824000e+04   7.5582000e+04   1.6796000e+05   3.5271600e+05   7.0543200e+05   1.3520780e+06   2.4961440e+06   4.4574000e+06
   1.0000000e+00   1.3000000e+01   9.1000000e+01   4.5500000e+02   1.8200000e+03   6.1880000e+03   1.8564000e+04   5.0388000e+04   1.2597000e+05   2.9393000e+05   6.4664600e+05   1.3520780e+06   2.7041560e+06   5.2003000e+06   9.6577000e+06
   1.0000000e+00   1.4000000e+01   1.0500000e+02   5.6000000e+02   2.3800000e+03   8.5680000e+03   2.7132000e+04   7.7520000e+04   2.0349000e+05   4.9742000e+05   1.1440660e+06   2.4961440e+06   5.2003000e+06   1.0400600e+07   2.0058300e+07
   1.0000000e+00   1.5000000e+01   1.2000000e+02   6.8000000e+02   3.0600000e+03   1.1628000e+04   3.8760000e+04   1.1628000e+05   3.1977000e+05   8.1719000e+05   1.9612560e+06   4.4574000e+06   9.6577000e+06   2.0058300e+07   4.0116600e+07
